*Vertices 50
1 "1"
2 "2"
3 "3"
4 "4"
5 "5"
6 "6"
7 "7"
8 "8"
9 "9"
10 "10"
11 "11"
12 "12"
13 "13"
14 "14"
15 "15"
16 "16"
17 "17"
18 "18"
19 "19"
20 "20"
21 "21"
22 "22"
23 "23"
24 "24"
25 "25"
26 "26"
27 "27"
28 "28"
29 "29"
30 "30"
31 "31"
32 "32"
33 "33"
34 "34"
35 "35"
36 "36"
37 "37"
38 "38"
39 "39"
40 "40"
41 "41"
42 "42"
43 "43"
44 "44"
45 "45"
46 "46"
47 "47"
48 "48"
49 "49"
50 "50"
*edges
1 2 2.99266
1 3 2.9605
1 4 2.85987
1 5 2.91871
1 6 3.17293
1 7 3.21966
1 8 3.50464
1 9 3.85113
1 10 3.82081
1 11 3.92686
1 12 3.63583
1 13 4.06289
14 7 5.23832
14 15 3.1998
14 16 3.26498
14 17 3.24615
14 18 3.35054
14 8 3.46788
14 19 3.14411
14 20 3.27505
14 21 3.54536
14 22 3.62983
14 23 3.61192
14 24 3.7229
25 2 2.77181
25 7 2.99882
25 26 3.24971
25 27 3.41869
25 28 3.54643
25 29 3.42841
25 9 3.63028
25 30 7.00928
25 10 3.59996
25 31 3.59166
25 32 3.39886
25 33 3.81375
2 1 2.99266
2 25 2.77181
2 5 2.86276
2 34 3.49961
2 35 2.91946
2 16 4.12084
2 29 3.59331
2 10 3.76486
2 11 3.87091
2 32 3.56376
2 36 3.58251
2 13 4.00694
3 1 2.9605
3 37 2.92599
3 5 2.8306
3 6 3.08481
3 17 3.71728
3 38 2.88462
3 28 3.67916
3 31 3.72439
3 36 3.55034
3 33 3.94648
3 39 3.8671
3 13 3.97477
37 3 2.92599
37 5 2.88421
37 34 3.52105
37 6 3.13842
37 7 3.18516
37 38 2.93822
37 29 3.61475
37 9 3.81662
37 11 3.89235
37 36 3.60395
37 39 3.92071
37 40 4.56755
4 1 2.85987
4 34 3.36682
4 7 3.03092
4 41 5.23832
4 26 3.28182
4 38 2.78399
4 11 3.73812
4 32 3.43096
4 36 3.44972
4 33 3.84585
4 39 3.76647
4 13 3.87414
5 1 2.91871
5 2 2.86276
5 3 2.8306
5 37 2.88421
5 27 3.50964
5 28 3.63738
5 8 3.50464
5 9 3.72123
5 11 3.79696
5 39 3.82532
5 12 3.50593
5 13 3.93299
34 2 3.49961
34 37 3.52105
34 4 3.36682
34 35 3.48236
34 42 3.30521
34 26 3.97751
34 38 3.47968
34 18 1.66892
34 11 4.43381
34 33 4.54155
34 23 5.15597
34 39 4.46216
34 12 4.14278
43 44 3.35947
43 41 3.30477
43 17 3.74472
43 28 1.92085
43 8 3.96646
43 30 3.55278
43 19 3.64268
43 32 7.63675
43 20 3.77363
43 23 4.11049
43 40 4.07719
43 45 4.46565
43 24 4.22147
44 43 3.35947
44 41 3.23278
44 15 3.62638
44 17 3.67273
44 28 4.47915
44 29 0.318262
44 46 3.99946
44 20 3.70163
44 21 3.97194
44 22 4.05641
44 23 4.0385
44 45 4.39366
44 24 4.14948
35 2 2.91946
35 34 3.48236
35 6 3.09973
35 38 2.89953
35 28 3.69408
35 29 3.57606
35 10 3.74761
35 31 3.73931
35 32 3.54651
35 46 4.41475
35 33 3.9614
35 12 3.56263
35 13 3.98968
47 41 2.98568
47 15 3.37929
47 48 2.94188
47 16 3.44447
47 18 3.53003
47 8 3.64737
47 19 3.3236
47 46 3.75236
47 21 3.72485
47 22 3.80932
47 23 3.79141
47 39 4.11902
47 24 3.90239
42 34 3.30521
42 6 2.92258
42 48 5.23832
42 27 3.38919
42 28 3.51693
42 9 3.60078
42 10 3.57046
42 11 3.67651
42 31 3.56216
42 32 3.36936
42 33 3.78425
42 39 3.70487
42 13 3.81254
6 1 3.17293
6 3 3.08481
6 37 3.13842
6 35 3.09973
6 42 2.92258
6 7 3.34398
6 26 3.59487
6 9 3.97544
6 36 3.76277
6 33 4.15891
6 12 3.76014
6 13 4.1872
6 24 5.33574
49 50 2.91084
49 17 3.35654
49 18 3.46093
49 9 4.04927
49 30 3.1646
49 19 3.2545
49 46 3.68327
49 20 3.38544
49 21 3.65575
49 22 3.74022
49 40 3.689
49 45 4.07747
49 24 3.83329
50 49 2.91084
50 41 3.17233
50 15 3.56593
50 48 3.12852
50 16 3.63112
50 18 3.71667
50 8 3.83402
50 30 3.42034
50 11 5.27948
50 19 3.51024
50 46 3.93901
50 40 3.94475
50 45 4.33321
50 24 4.08903
7 1 3.21966
7 14 5.23832
7 25 2.99882
7 37 3.18516
7 4 3.03092
7 6 3.34398
7 26 3.64161
7 27 3.81059
7 9 4.02218
7 11 4.09791
7 31 3.98356
7 32 3.79076
7 36 3.80951
7 13 4.23394
41 4 5.23832
41 43 3.30477
41 44 3.23278
41 47 2.98568
41 50 3.17233
41 48 3.13427
41 16 3.63686
41 8 3.83976
41 46 3.94475
41 20 3.64693
41 22 4.00171
41 23 3.9838
41 40 3.95049
41 45 4.33896
26 25 3.24971
26 4 3.28182
26 34 3.97751
26 6 3.59487
26 7 3.64161
26 29 4.0712
26 10 4.24275
26 32 4.04165
26 36 4.0604
26 21 1.91064
26 33 4.45654
26 40 3.71435
26 12 4.05777
26 13 4.48483
15 14 3.1998
15 44 3.62638
15 47 3.37929
15 50 3.56593
15 48 3.52787
15 27 3.15783
15 18 4.11602
15 8 4.23337
15 46 4.33836
15 20 4.04054
15 21 4.31084
15 40 4.3441
15 12 8.28191
15 24 4.48838
48 47 2.94188
48 42 5.23832
48 50 3.12852
48 41 3.13427
48 15 3.52787
48 17 3.57422
48 30 3.38228
48 46 3.90095
48 20 3.60313
48 21 3.87343
48 22 3.9579
48 23 3.93999
48 40 3.90669
48 45 4.29515
27 25 3.41869
27 5 3.50964
27 42 3.38919
27 7 3.81059
27 15 3.15783
27 38 3.56366
27 28 4.35821
27 29 4.24019
27 10 4.41174
27 31 4.40344
27 32 4.21064
27 36 4.22939
27 39 4.54614
27 12 4.22676
27 45 1.63165
16 14 3.26498
16 2 4.12084
16 47 3.44447
16 50 3.63112
16 41 3.63686
16 18 4.18121
16 30 3.88487
16 11 1.7298
16 19 3.97478
16 46 4.40354
16 20 4.10572
16 21 4.37602
16 23 4.44259
16 40 4.40928
16 24 4.55357
17 14 3.24615
17 3 3.71728
17 43 3.74472
17 44 3.67273
17 49 3.35654
17 48 3.57422
17 8 4.27971
17 19 3.95594
17 46 4.3847
17 20 4.08688
17 21 4.35719
17 33 2.32399
17 22 4.44166
17 23 4.42375
17 45 4.77891
38 3 2.88462
38 37 2.93822
38 4 2.78399
38 34 3.47968
38 35 2.89953
38 27 3.56366
38 28 3.6914
38 9 3.77525
38 10 3.74493
38 11 3.85098
38 31 3.73663
38 36 3.56258
38 33 3.95872
38 39 3.87933
38 12 3.55995
18 14 3.35054
18 34 1.66892
18 47 3.53003
18 49 3.46093
18 50 3.71667
18 15 4.11602
18 16 4.18121
18 30 3.97043
18 19 4.06033
18 46 4.4891
18 20 4.19128
18 23 4.52814
18 39 4.16288
18 40 4.49484
18 45 4.8833
18 24 4.63912
28 25 3.54643
28 3 3.67916
28 5 3.63738
28 43 1.92085
28 44 4.47915
28 35 3.69408
28 42 3.51693
28 27 4.35821
28 38 3.6914
28 29 4.36792
28 10 4.53947
28 32 4.33837
28 36 4.35712
28 33 4.75326
28 12 4.35449
28 13 4.78155
29 25 3.42841
29 2 3.59331
29 37 3.61475
29 44 0.318262
29 35 3.57606
29 26 4.0712
29 27 4.24019
29 28 4.36792
29 9 4.45178
29 11 4.5275
29 31 4.41315
29 32 4.22035
29 20 7.63675
29 36 4.2391
29 33 4.63524
29 12 4.23647
8 1 3.50464
8 14 3.46788
8 5 3.50464
8 43 3.96646
8 47 3.64737
8 50 3.83402
8 41 3.83976
8 15 4.23337
8 17 4.27971
8 30 4.08777
8 19 4.17768
8 20 4.30862
8 21 4.57892
8 22 4.66339
8 23 4.64549
8 40 4.61218
8 24 4.75647
9 1 3.85113
9 25 3.63028
9 37 3.81662
9 5 3.72123
9 42 3.60078
9 6 3.97544
9 49 4.04927
9 7 4.02218
9 38 3.77525
9 29 4.45178
9 11 4.72938
9 31 4.61502
9 33 4.83711
9 39 4.75773
9 12 4.43834
9 13 4.8654
9 24 3.60853
30 25 7.00928
30 43 3.55278
30 49 3.1646
30 50 3.42034
30 48 3.38228
30 16 3.88487
30 18 3.97043
30 8 4.08777
30 19 3.764
30 46 4.19276
30 20 3.89494
30 21 4.16525
30 22 4.24972
30 23 4.23181
30 40 4.1985
30 45 4.58697
30 24 4.34279
10 1 3.82081
10 25 3.59996
10 2 3.76486
10 35 3.74761
10 42 3.57046
10 26 4.24275
10 27 4.41174
10 38 3.74493
10 28 4.53947
10 11 4.69905
10 19 7.00928
10 31 4.5847
10 32 4.3919
10 23 3.12594
10 39 4.72741
10 12 4.40802
10 13 4.83508
11 1 3.92686
11 2 3.87091
11 37 3.89235
11 4 3.73812
11 5 3.79696
11 34 4.43381
11 42 3.67651
11 50 5.27948
11 7 4.09791
11 16 1.7298
11 38 3.85098
11 29 4.5275
11 9 4.72938
11 10 4.69905
11 32 4.49795
11 36 4.5167
11 39 4.83346
19 14 3.14411
19 43 3.64268
19 47 3.3236
19 49 3.2545
19 50 3.51024
19 16 3.97478
19 17 3.95594
19 18 4.06033
19 8 4.17768
19 30 3.764
19 10 7.00928
19 46 4.28267
19 21 4.25515
19 22 4.33962
19 40 4.28841
19 45 4.67687
19 24 4.43269
31 25 3.59166
31 3 3.72439
31 35 3.73931
31 42 3.56216
31 7 3.98356
31 27 4.40344
31 38 3.73663
31 29 4.41315
31 9 4.61502
31 10 4.5847
31 32 4.3836
31 46 3.222
31 36 4.40235
31 22 2.7255
31 39 4.71911
31 12 4.39972
31 13 4.82678
32 25 3.39886
32 2 3.56376
32 4 3.43096
32 43 7.63675
32 35 3.54651
32 42 3.36936
32 7 3.79076
32 26 4.04165
32 27 4.21064
32 28 4.33837
32 29 4.22035
32 10 4.3919
32 11 4.49795
32 31 4.3836
32 36 4.20955
32 33 4.60569
32 39 4.52631
32 12 4.20692
46 44 3.99946
46 35 4.41475
46 47 3.75236
46 49 3.68327
46 50 3.93901
46 41 3.94475
46 15 4.33836
46 48 3.90095
46 16 4.40354
46 17 4.3847
46 18 4.4891
46 30 4.19276
46 19 4.28267
46 31 3.222
46 21 4.68392
46 22 4.76839
46 45 5.10564
46 24 4.86146
20 14 3.27505
20 43 3.77363
20 44 3.70163
20 49 3.38544
20 41 3.64693
20 15 4.04054
20 48 3.60313
20 16 4.10572
20 17 4.08688
20 18 4.19128
20 29 7.63675
20 8 4.30862
20 30 3.89494
20 22 4.47056
20 23 4.45266
20 40 4.41935
20 45 4.80781
20 24 4.56364
36 2 3.58251
36 3 3.55034
36 37 3.60395
36 4 3.44972
36 6 3.76277
36 7 3.80951
36 26 4.0604
36 27 4.22939
36 38 3.56258
36 28 4.35712
36 29 4.2391
36 11 4.5167
36 31 4.40235
36 32 4.20955
36 33 4.62444
36 39 4.54506
36 12 4.22567
36 45 6.61676
21 14 3.54536
21 44 3.97194
21 47 3.72485
21 49 3.65575
21 26 1.91064
21 15 4.31084
21 48 3.87343
21 16 4.37602
21 17 4.35719
21 8 4.57892
21 30 4.16525
21 19 4.25515
21 46 4.68392
21 33 5.95792
21 22 4.74087
21 23 4.72296
21 40 4.68965
21 45 5.07812
33 25 3.81375
33 3 3.94648
33 4 3.84585
33 34 4.54155
33 35 3.9614
33 42 3.78425
33 6 4.15891
33 26 4.45654
33 17 2.32399
33 38 3.95872
33 28 4.75326
33 29 4.63524
33 9 4.83711
33 32 4.60569
33 36 4.62444
33 21 5.95792
33 39 4.9412
33 12 4.62181
33 13 5.04887
22 14 3.62983
22 44 4.05641
22 47 3.80932
22 49 3.74022
22 41 4.00171
22 48 3.9579
22 17 4.44166
22 8 4.66339
22 30 4.24972
22 19 4.33962
22 31 2.7255
22 46 4.76839
22 20 4.47056
22 21 4.74087
22 23 4.80743
22 40 4.77412
22 13 6.56607
22 45 5.16259
22 24 4.91841
23 14 3.61192
23 34 5.15597
23 43 4.11049
23 44 4.0385
23 47 3.79141
23 41 3.9838
23 48 3.93999
23 16 4.44259
23 17 4.42375
23 18 4.52814
23 8 4.64549
23 30 4.23181
23 10 3.12594
23 20 4.45266
23 21 4.72296
23 22 4.80743
23 40 4.75622
23 45 5.14468
23 24 4.9005
39 3 3.8671
39 37 3.92071
39 4 3.76647
39 5 3.82532
39 34 4.46216
39 47 4.11902
39 42 3.70487
39 27 4.54614
39 38 3.87933
39 18 4.16288
39 9 4.75773
39 10 4.72741
39 11 4.83346
39 31 4.71911
39 32 4.52631
39 36 4.54506
39 33 4.9412
39 12 4.54243
39 13 4.96949
40 37 4.56755
40 43 4.07719
40 49 3.689
40 50 3.94475
40 41 3.95049
40 26 3.71435
40 15 4.3441
40 48 3.90669
40 16 4.40928
40 18 4.49484
40 8 4.61218
40 30 4.1985
40 19 4.28841
40 20 4.41935
40 21 4.68965
40 22 4.77412
40 23 4.75622
40 45 5.11137
40 24 4.8672
12 1 3.63583
12 5 3.50593
12 34 4.14278
12 35 3.56263
12 6 3.76014
12 26 4.05777
12 15 8.28191
12 27 4.22676
12 38 3.55995
12 28 4.35449
12 29 4.23647
12 9 4.43834
12 10 4.40802
12 31 4.39972
12 32 4.20692
12 36 4.22567
12 33 4.62181
12 39 4.54243
12 13 4.6501
13 1 4.06289
13 2 4.00694
13 3 3.97477
13 4 3.87414
13 5 3.93299
13 35 3.98968
13 42 3.81254
13 6 4.1872
13 7 4.23394
13 26 4.48483
13 28 4.78155
13 9 4.8654
13 10 4.83508
13 31 4.82678
13 33 5.04887
13 22 6.56607
13 39 4.96949
13 12 4.6501
13 45 0.695854
45 43 4.46565
45 44 4.39366
45 49 4.07747
45 50 4.33321
45 41 4.33896
45 48 4.29515
45 27 1.63165
45 17 4.77891
45 18 4.8833
45 30 4.58697
45 19 4.67687
45 46 5.10564
45 20 4.80781
45 36 6.61676
45 21 5.07812
45 22 5.16259
45 23 5.14468
45 40 5.11137
45 13 0.695854
45 24 5.25566
24 14 3.7229
24 43 4.22147
24 44 4.14948
24 47 3.90239
24 6 5.33574
24 49 3.83329
24 50 4.08903
24 15 4.48838
24 16 4.55357
24 18 4.63912
24 8 4.75647
24 9 3.60853
24 30 4.34279
24 19 4.43269
24 46 4.86146
24 20 4.56364
24 22 4.91841
24 23 4.9005
24 40 4.8672
24 45 5.25566
