Nom de la xarxa :football 

IGRAPH U--- 115 613 --
+ attr: id (v), value (v), label (v)
+ vertex attributes:
+ edges:
  0 --   1   4   9  16  23  33  35  41  65  90  93 104
  1 --   0  25  27  33  37  45  57  89 101 103 105 109
  2 --   3   6  13  14  15  47  60  64  72  74 100 106
  3 --   2   5  11  26  40  52  58  72  74  81  84 102
  4 --   0   5   9  16  23  28  41  69  93 104 108
  5 --   3   4  10  11  52  74  81  84  90  97  98 107
  6 --   2   7  32  39  47  55  58  60  64  85 100 106
  7 --   6   8  21  22  40  68  73  77  78  82 108 111
  8 --   7   9  21  22  41  51  68  77  78  90 111
  9 --   0   4   8  16  22  23  41  64  93 104 108
 10 --   5  11  60  72  74  81  84  98 102 107
 11 --   3   5  10  24  28  50  69  90  97 104
 12 --  13  14  17  18  26  34  36  38  43  85
 13 --   2  12  15  32  39  45  60  64 100 106 110
 14 --   2  12  15  26  38  43  54  71  85  99
 15 --   2  13  14  32  39  47  60  68  92 100 106 114
 16 --   0   4   9  17  23  38  41  67  81  93 104
 17 --  12  16  20  27  58  62  65  87  95  96 113
 18 --  12  19  31  34  36  38  42  54  61  71  99
 19 --  18  29  30  33  35  36  44  55  79  94 101
 20 --  17  21  36  62  65  70  75  76  87  96 113
 21 --   7   8  20  22  32  46  51  68  77 108 111
 22 --   7   8   9  21  23  47  51  68  77  78 108
 23 --   0   4   9  16  22  41  78  90  93 104 111
 24 --  11  25  28  50  66  69  84  87  90 110
 25 --   1  24  33  37  45  53  89 103 105 106 109
 26 --   3  12  14  27  34  38  42  43  61  85
 27 --   1  17  26  56  62  63  65  70  76  95  96
 28 --   4  11  24  38  50  69  78  90 113
 29 --  19  30  35  42  55  79  80  82  91  94 101
 30 --  19  29  35  44  50  55  79  82  94 101 109
 31 --  18  32  34  43  54  55  61  71  79  85  99
 32 --   6  13  15  21  31  39  47  49  64 100 106
 33 --   0   1  19  25  37  45  89 103 105 109
 34 --  12  18  26  31  35  42  54  61  71  94  99
 35 --   0  19  29  30  34  44  55  79  92  94 101
 36 --  12  18  19  20  37  43  58  59
 37 --   1  25  33  36  45  80  89  95 103 105 109
 38 --  12  14  16  18  26  28  39  43  54  71  85
 39 --   6  13  15  32  38  47  54  60  82 100 106
 40 --   3   7  41  51  52  72  74  81  98 102 107
 41 --   0   4   8   9  16  23  40  67  93 104
 42 --  18  26  29  34  43  57  63
 43 --  12  14  26  31  36  38  42  61  70  79  85
 44 --  19  30  35  45  48  57  66  75  86  91 112
 45 --   1  13  25  33  37  44  62  89 103 105 109
 46 --  21  47  49  53  67  73  83  88 110 111 114
 47 --   2   6  15  22  32  39  46  60  61  64 100
 48 --  44  49  53  57  66  75  86  91  92  96  98
 49 --  32  46  48  53  67  73  83  84  88 110 114
 50 --  11  24  28  30  51  68  69  78  90
 51 --   8  21  22  40  50  68  77  78 101 108 111
 52 --   3   5  40  53  72  74  84  98 102 112
 53 --  25  46  48  49  52  67  73  83  86  88 110 114
 54 --  14  18  31  34  38  39  55  61  71  99
 55 --   6  19  29  30  31  35  54  79  89  94 101
 56 --  27  57  62  65  70  76  87  95  96 106
 57 --   1  42  44  48  56  75  86  91  92 112
 58 --   3   6  17  36  59  63  88  97 101 114
 59 --  36  58  60  63  66  76  97 113
 60 --   2   6  10  13  15  39  47  59  64  71 106
 61 --  18  26  31  34  43  47  54  62  71  92  99
 62 --  17  20  27  45  56  61  70  76  87  95 105
 63 --  27  42  58  59  64  65  97 109 112
 64 --   2   6   9  13  32  47  60  63 100 106 111
 65 --   0  17  20  27  56  63  66  70  87  96 113
 66 --  24  44  48  59  65  75  76  86  91  92 112
 67 --  16  41  46  49  53  68  73  83  88 104 110 114
 68 --   7   8  15  21  22  50  51  67  78 108 111
 69 --   4  11  24  28  50  70  83  88  90  91  95
 70 --  20  27  43  56  62  65  69  76  95 103 113
 71 --  14  18  31  34  38  54  60  61  72  99
 72 --   2   3  10  40  52  71  74  81 102 104 107
 73 --   7  46  49  53  67  74  77  83  88 110 114
 74 --   2   3   5  10  40  52  72  73  82  84 102
 75 --  20  44  48  57  66  76  86  92 107 112
 76 --  20  27  56  59  62  66  70  75  95  96 113
 77 --   7   8  21  22  51  73  78  82  98 108 111
 78 --   7   8  22  23  28  50  51  68  77 108 111
 79 --  19  29  30  31  35  43  55  80  94 101 109
 80 --  29  37  79  82  85  86  91  93  94 105 110
 81 --   3   5  10  16  40  72  82  83  84  98 107
 82 --   7  29  30  39  74  77  80  81  93  94 100
 83 --  46  49  53  67  69  73  81  84  88 110 114
 84 --   3   5  10  24  49  52  74  81  83  98 107
 85 --   6  12  14  26  31  38  43  80  99
 86 --  44  48  53  57  66  75  80  87  91  92  97
 87 --  17  20  24  56  62  65  86  95  96 104 113
 88 --  46  49  53  58  67  69  73  83  89 107 110 114
 89 --   1  25  33  37  45  55  88  99 103 105 109
 90 --   0   5   8  11  23  24  28  50  69
 91 --  29  44  48  57  66  69  80  86  92  93 112
 92 --  15  35  48  57  61  66  75  86  91 106 112
 93 --   0   4   9  16  23  41  80  82  91 104
 94 --  19  29  30  34  35  55  79  80  82 101
 95 --  17  27  37  56  62  69  70  76  87 113
 96 --  17  20  27  48  56  65  76  87 112 113
 97 --   5  11  58  59  63  86  98 112
 98 --   5  10  40  48  52  77  81  84  97 102 107
 99 --  14  18  31  34  54  61  71  85  89 100
100 --   2   6  13  15  32  39  47  64  82  99 102
101 --   1  19  29  30  35  51  55  58  79  94
102 --   3  10  40  52  72  74  98 100 103 107
103 --   1  25  33  37  45  70  89 102 105 109
104 --   0   4   9  11  16  23  41  67  72  87  93 114
105 --   1  25  33  37  45  62  80  89 103 109
106 --   2   6  13  15  25  32  39  56  60  64  92
107 --   5  10  40  72  75  81  84  88  98 102
108 --   4   7   9  21  22  51  68  77  78 111
109 --   1  25  30  33  37  45  63  79  89 103 105
110 --  13  24  46  49  53  67  73  80  83  88 114
111 --   7   8  21  23  46  51  64  68  77  78 108
112 --  44  52  57  63  66  75  91  92  96  97
113 --  17  20  28  59  65  70  76  87  95  96
114 --  15  46  49  53  58  67  73  83  88 104 110

Parametres calculats

Betweenness Centralization
0.0202985347969

Average path length
2.50816170862

Assortativity degree
0.153578008164

Diameter
4

Density
0.0938215102975

Cohesion
7

Radius
3

Betweenness
[209.1709652522559, 113.3979565456615, 84.90538501771819, 154.15807115387992, 68.667222003219, 68.25362216792067, 126.64153240610428, 93.70152869749764, 32.2584580697902, 76.17702204903418, 43.81440454884821, 72.82226236444734, 65.11455971024577, 110.94048047509581, 50.31434856123432, 134.48281617420335, 142.91828182480873, 106.89635588180177, 54.42116149759047, 62.852489182530164, 148.4032669679791, 142.47535545198394, 43.294434432790624, 48.88291112453291, 133.1533227634505, 114.3104114492643, 110.5220463008155, 68.47737403538983, 116.95089252838208, 58.06720216680954, 97.02235559918704, 53.961157604673325, 95.35898809588106, 47.33498082875592, 51.55849341833652, 99.61865644436988, 84.9198372937113, 58.77125963721098, 162.2037495006271, 68.78954002162706, 89.91097567171644, 41.45127839148377, 50.16347557137631, 87.14964712748595, 92.50994207460148, 73.63251691117495, 66.60199964822023, 97.07847225905157, 114.48037401172446, 62.933481526119834, 92.49570014025939, 95.9580611569031, 62.78284881072338, 106.51183275349177, 24.631096402285085, 75.42385272758611, 61.433472462133096, 66.79528115860347, 186.22603384779384, 69.88600363944217, 97.46861333157678, 133.21079908990575, 91.28221632708153, 117.71535877413612, 131.07866156943916, 65.02144798920784, 68.82946337644348, 76.00943855799501, 69.52933850760131, 155.38594963319454, 97.63787013508299, 80.04105158380325, 104.37595006725864, 52.13978412326213, 64.28734968028901, 75.19295847501297, 38.28559364149654, 76.59728315258342, 35.56448569792528, 52.38631803185397, 187.48041702223406, 72.79451840203595, 215.57118556031924, 42.73368748036537, 52.11738687112152, 50.84501889039521, 79.70303727489015, 91.32591387519437, 128.9554116501424, 111.45226014444651, 55.50999231011266, 106.5050046254819, 153.41006092272292, 89.84303997371273, 34.137916013899925, 44.608150069599375, 44.696057210091546, 66.63619173258267, 90.78073697819356, 61.94603365682328, 74.75822355597826, 117.93157489636242, 102.14520455947253, 87.08538413435662, 121.04142916499259, 28.15932821394442, 131.7068405216324, 66.38878321095002, 19.335130344554578, 57.664438561490584, 92.3498170471086, 48.377901886032994, 74.45372254288999, 41.85433006990979, 65.61443333896726]

Pagerank
[0.00957575828679162, 0.009626168348501479, 0.009459284278104082, 0.010239580644679587, 0.00887468794659266, 0.009624359136610314, 0.009521899866273954, 0.009480029635172051, 0.008836760329751087, 0.008827164713361365, 0.008170455491249371, 0.00831615708772995, 0.00833486731393253, 0.008804499937313302, 0.00896164579912023, 0.009475586109887251, 0.008832437986949961, 0.00900016471521452, 0.00907965446427636, 0.008987540270709086, 0.009015755791133982, 0.008805329254804381, 0.008805636624515835, 0.008852023942704556, 0.008286287433889442, 0.00889385728725997, 0.008335875826009158, 0.00901706147804838, 0.007620909985828815, 0.008982028047375716, 0.00894453377247653, 0.008966111578528576, 0.008778352800787951, 0.008202125724157856, 0.00904889567236087, 0.008922221218084732, 0.006955943270964644, 0.008966657930481726, 0.009016662342897006, 0.00881175263749701, 0.008831143171032165, 0.008117146903390403, 0.0062479886530525065, 0.009094208716142615, 0.00895848820880838, 0.008904075555496858, 0.00872773750822237, 0.008772381573483987, 0.00891618830441603, 0.00872992412480241, 0.007588601785004593, 0.00886430312854249, 0.008136276324631247, 0.009454872120549159, 0.008242451632695375, 0.008917838506885071, 0.008275533685643878, 0.008317604826815608, 0.008345543163530684, 0.007015291123331988, 0.00886169796890438, 0.008963311903506433, 0.008968124453927301, 0.007734201325120828, 0.008822505552357588, 0.009007032434076556, 0.009018995833328181, 0.009424633828515112, 0.008815986992979898, 0.008990657540760259, 0.00899980039173998, 0.008240170407262137, 0.008835862086600421, 0.0087218782286656, 0.008801705607835572, 0.008272163822815176, 0.009054193474595816, 0.008806119634346004, 0.00887638779574254, 0.008938348790263291, 0.008931346143239234, 0.00881136097607472, 0.008844446420376446, 0.008737633475003797, 0.009507796975046586, 0.007562926078860969, 0.008968794047551838, 0.008980171123078239, 0.009476976656634028, 0.008891961792208223, 0.007573611048404404, 0.008953995642015062, 0.00892911621697876, 0.008147246733671292, 0.00822556930761066, 0.008279833084405316, 0.008295459753121123, 0.006969409457708449, 0.008906139469008138, 0.008957165379519611, 0.008788774884505256, 0.008228681584230372, 0.008164376645294968, 0.008217458912352404, 0.009526275834454473, 0.00821167990198473, 0.00880677563155297, 0.008156679979232643, 0.008117288696385661, 0.008947449419579978, 0.008761538428881945, 0.008801826829758958, 0.008353173877074101, 0.008355515939845553, 0.008743441582500329]

EigenVectorCentrality
[0.8267247229768252, 0.7464589310101999, 0.943735841475741, 0.963523433860851, 0.7906758640229952, 0.8479606569706927, 0.8934184834905268, 0.9413415035216218, 0.8355275763196451, 0.8271026081403927, 0.7461661766519806, 0.6456176983623535, 0.5780727303245307, 0.8386038643753877, 0.6907887215582558, 0.9251848640106801, 0.8130412330728325, 0.6363748448333733, 0.6118375764378545, 0.651702081135576, 0.6284326628864647, 0.8529488028628051, 0.8552079996874036, 0.8109696728334483, 0.6398598634700499, 0.7264165470382029, 0.5870907983021975, 0.6177879619171345, 0.5509702070161936, 0.6687594356707991, 0.6815657505599974, 0.6699499267196173, 0.8622611065470148, 0.6457611909092533, 0.6252116905463677, 0.690118753602455, 0.44379706077101205, 0.6669334944577321, 0.6549252159810638, 0.8280026288408988, 0.8410463475660778, 0.7733679138865899, 0.3854898988683132, 0.6047352764447178, 0.6676388756224186, 0.7022863792245766, 0.9368932191449779, 0.8704766237585683, 0.7236333781952633, 0.9309135367448933, 0.5811625874744402, 0.810465067898788, 0.7717331193653, 0.9639777606450627, 0.625113667631661, 0.6971744860578808, 0.584783091252336, 0.5875571154104492, 0.6319438037659164, 0.4275803178450769, 0.8111000769002519, 0.670392483218444, 0.6402294784090913, 0.48524746518864803, 0.8387906812031765, 0.6296644097148698, 0.6409972888599567, 1.0, 0.8554335599063407, 0.700084322131339, 0.6252287684606895, 0.635144192360813, 0.8326232339155909, 0.9435155450011822, 0.8652174179103367, 0.606235546692103, 0.5977721876094507, 0.8575602708066858, 0.808166017868389, 0.6760793682492222, 0.705853877743703, 0.8541547238366144, 0.7965786674921519, 0.9282350816584043, 0.9292873208652687, 0.5605401073050936, 0.6841697396120882, 0.6497273744694352, 0.9552653987025737, 0.717970235475326, 0.5951704242750528, 0.682705351439685, 0.7034885410577335, 0.731786139072185, 0.6312773594521301, 0.5790016625770767, 0.5717144919807653, 0.46990518917163254, 0.7892611540316535, 0.6793926758061204, 0.8523021024428118, 0.6364576564407703, 0.7442221949388134, 0.6365404406633701, 0.889840491181857, 0.6345632421498627, 0.827818039663525, 0.7529869915599191, 0.7821135046611921, 0.6765996584770224, 0.90291819269693, 0.8624275173825514, 0.5719090383381392, 0.5450333272825097, 0.9251418741979717]

Average degree connectivity
{7: 10.428571428571429, 8: 10.083333333333334, 9: 10.333333333333334, 10: 10.738461538461538, 11: 10.76797829036635, 12: 10.868055555555555, 13: 10.0}

Periphery
[1, 2, 4, 5, 7, 8, 9, 10, 11, 12, 14, 18, 19, 20, 21, 22, 23, 24, 25, 26, 27, 29, 30, 31, 32, 33, 34, 35, 36, 37, 38, 40, 41, 42, 43, 44, 45, 46, 47, 48, 49, 50, 51, 52, 53, 54, 55, 56, 57, 59, 61, 62, 65, 66, 67, 68, 69, 70, 71, 73, 74, 75, 76, 77, 78, 79, 81, 82, 83, 84, 85, 86, 87, 89, 90, 91, 94, 95, 96, 97, 98, 99, 100, 101, 102, 103, 104, 105, 107, 108, 109, 110, 111, 112, 113, 114]

Eccentricity
{0: 3, 1: 4, 2: 4, 3: 3, 4: 4, 5: 4, 6: 3, 7: 4, 8: 4, 9: 4, 10: 4, 11: 4, 12: 4, 13: 3, 14: 4, 15: 3, 16: 3, 17: 3, 18: 4, 19: 4, 20: 4, 21: 4, 22: 4, 23: 4, 24: 4, 25: 4, 26: 4, 27: 4, 28: 3, 29: 4, 30: 4, 31: 4, 32: 4, 33: 4, 34: 4, 35: 4, 36: 4, 37: 4, 38: 4, 39: 3, 40: 4, 41: 4, 42: 4, 43: 4, 44: 4, 45: 4, 46: 4, 47: 4, 48: 4, 49: 4, 50: 4, 51: 4, 52: 4, 53: 4, 54: 4, 55: 4, 56: 4, 57: 4, 58: 3, 59: 4, 60: 3, 61: 4, 62: 4, 63: 3, 64: 3, 65: 4, 66: 4, 67: 4, 68: 4, 69: 4, 70: 4, 71: 4, 72: 3, 73: 4, 74: 4, 75: 4, 76: 4, 77: 4, 78: 4, 79: 4, 80: 3, 81: 4, 82: 4, 83: 4, 84: 4, 85: 4, 86: 4, 87: 4, 88: 3, 89: 4, 90: 4, 91: 4, 92: 3, 93: 3, 94: 4, 95: 4, 96: 4, 97: 4, 98: 4, 99: 4, 100: 4, 101: 4, 102: 4, 103: 4, 104: 4, 105: 4, 106: 3, 107: 4, 108: 4, 109: 4, 110: 4, 111: 4, 112: 4, 113: 4, 114: 4}

Center
[0, 3, 6, 13, 15, 16, 17, 28, 39, 58, 60, 63, 64, 72, 80, 88, 92, 93, 106]

Degree Distribution
N = 115, mean +- sd: 10.6957 +- 0.9097
[ 7,  8): * (1)
[ 8,  9): *** (3)
[ 9, 10): ***** (5)
[10, 11): ************************** (26)
[11, 12): ******************************************************************* (67)
[12, 13): ************ (12)
[13, 14): * (1)

Total number of Motif
4347

Similarity Jaccard
[[1.0, 0.13043478260869565, 0.0, 0.0, 0.47058823529411764, 0.08333333333333333, 0.0, 0.0, 0.13636363636363635, 0.47058823529411764, 0.0, 0.09090909090909091, 0.0, 0.0, 0.0, 0.0, 0.47058823529411764, 0.08695652173913043, 0.0, 0.08695652173913043, 0.041666666666666664, 0.0, 0.08695652173913043, 0.5625, 0.043478260869565216, 0.08695652173913043, 0.0, 0.08695652173913043, 0.09523809523809523, 0.041666666666666664, 0.041666666666666664, 0.0, 0.0, 0.14285714285714285, 0.041666666666666664, 0.08695652173913043, 0.0, 0.08695652173913043, 0.041666666666666664, 0.0, 0.041666666666666664, 0.5, 0.0, 0.0, 0.041666666666666664, 0.08695652173913043, 0.0, 0.0, 0.0, 0.0, 0.045454545454545456, 0.0, 0.0, 0.0, 0.0, 0.041666666666666664, 0.043478260869565216, 0.043478260869565216, 0.0, 0.0, 0.0, 0.0, 0.0, 0.045454545454545456, 0.041666666666666664, 0.08695652173913043, 0.041666666666666664, 0.13043478260869565, 0.0, 0.08695652173913043, 0.041666666666666664, 0.0, 0.041666666666666664, 0.0, 0.0, 0.0, 0.0, 0.0, 0.041666666666666664, 0.041666666666666664, 0.041666666666666664, 0.041666666666666664, 0.041666666666666664, 0.0, 0.0, 0.0, 0.0, 0.08695652173913043, 0.0, 0.08695652173913043, 0.15, 0.041666666666666664, 0.041666666666666664, 0.5, 0.043478260869565216, 0.0, 0.043478260869565216, 0.0, 0.0, 0.0, 0.0, 0.09090909090909091, 0.0, 0.09090909090909091, 0.4444444444444444, 0.09090909090909091, 0.0, 0.0, 0.09090909090909091, 0.08695652173913043, 0.0, 0.041666666666666664, 0.0, 0.043478260869565216, 0.041666666666666664], [0.13043478260869565, 1.0, 0.0, 0.0, 0.041666666666666664, 0.0, 0.0, 0.0, 0.0, 0.041666666666666664, 0.0, 0.0, 0.0, 0.041666666666666664, 0.0, 0.0, 0.041666666666666664, 0.041666666666666664, 0.0, 0.08695652173913043, 0.0, 0.0, 0.0, 0.041666666666666664, 0.043478260869565216, 0.5625, 0.043478260869565216, 0.08695652173913043, 0.0, 0.041666666666666664, 0.08695652173913043, 0.0, 0.0, 0.7142857142857143, 0.0, 0.08695652173913043, 0.047619047619047616, 0.5625, 0.0, 0.0, 0.0, 0.043478260869565216, 0.05, 0.0, 0.08695652173913043, 0.5625, 0.0, 0.0, 0.041666666666666664, 0.0, 0.0, 0.041666666666666664, 0.0, 0.04, 0.0, 0.08695652173913043, 0.09090909090909091, 0.09090909090909091, 0.043478260869565216, 0.0, 0.0, 0.0, 0.13636363636363635, 0.09523809523809523, 0.0, 0.08695652173913043, 0.0, 0.0, 0.0, 0.0, 0.08695652173913043, 0.0, 0.0, 0.0, 0.0, 0.043478260869565216, 0.041666666666666664, 0.0, 0.0, 0.08695652173913043, 0.08695652173913043, 0.0, 0.0, 0.0, 0.0, 0.0, 0.041666666666666664, 0.0, 0.04, 0.5625, 0.045454545454545456, 0.041666666666666664, 0.041666666666666664, 0.043478260869565216, 0.043478260869565216, 0.09090909090909091, 0.043478260869565216, 0.0, 0.0, 0.043478260869565216, 0.0, 0.09090909090909091, 0.043478260869565216, 0.6, 0.04, 0.6, 0.041666666666666664, 0.0, 0.0, 0.5625, 0.0, 0.0, 0.043478260869565216, 0.0, 0.0], [0.0, 0.0, 1.0, 0.18181818181818182, 0.0, 0.08333333333333333, 0.3684210526315789, 0.04, 0.0, 0.041666666666666664, 0.14285714285714285, 0.043478260869565216, 0.09090909090909091, 0.3888888888888889, 0.14285714285714285, 0.4444444444444444, 0.0, 0.0, 0.0, 0.0, 0.0, 0.0, 0.041666666666666664, 0.0, 0.0, 0.041666666666666664, 0.09090909090909091, 0.0, 0.0, 0.0, 0.0, 0.0, 0.3888888888888889, 0.0, 0.0, 0.0, 0.0, 0.0, 0.041666666666666664, 0.3888888888888889, 0.13636363636363635, 0.0, 0.0, 0.041666666666666664, 0.0, 0.041666666666666664, 0.041666666666666664, 0.3888888888888889, 0.0, 0.0, 0.0, 0.0, 0.14285714285714285, 0.0, 0.043478260869565216, 0.041666666666666664, 0.043478260869565216, 0.0, 0.09090909090909091, 0.047619047619047616, 0.47058823529411764, 0.041666666666666664, 0.0, 0.045454545454545456, 0.47058823529411764, 0.0, 0.0, 0.0, 0.041666666666666664, 0.0, 0.0, 0.14285714285714285, 0.19047619047619047, 0.041666666666666664, 0.19047619047619047, 0.0, 0.0, 0.0, 0.0, 0.0, 0.0, 0.08695652173913043, 0.08695652173913043, 0.0, 0.08695652173913043, 0.09523809523809523, 0.0, 0.0, 0.0, 0.0, 0.0, 0.0, 0.08695652173913043, 0.0, 0.0, 0.0, 0.0, 0.0, 0.0, 0.09090909090909091, 0.3888888888888889, 0.0, 0.2, 0.0, 0.04, 0.0, 0.3888888888888889, 0.043478260869565216, 0.0, 0.0, 0.041666666666666664, 0.041666666666666664, 0.0, 0.0, 0.041666666666666664], [0.0, 0.0, 0.18181818181818182, 1.0, 0.041666666666666664, 0.3684210526315789, 0.08333333333333333, 0.04, 0.0, 0.0, 0.4117647058823529, 0.14285714285714285, 0.043478260869565216, 0.041666666666666664, 0.09090909090909091, 0.04, 0.041666666666666664, 0.041666666666666664, 0.0, 0.0, 0.0, 0.0, 0.0, 0.0, 0.09090909090909091, 0.0, 0.09090909090909091, 0.041666666666666664, 0.045454545454545456, 0.0, 0.0, 0.0, 0.0, 0.0, 0.041666666666666664, 0.0, 0.047619047619047616, 0.0, 0.041666666666666664, 0.0, 0.3888888888888889, 0.043478260869565216, 0.05, 0.041666666666666664, 0.0, 0.0, 0.0, 0.041666666666666664, 0.0, 0.041666666666666664, 0.045454545454545456, 0.041666666666666664, 0.5, 0.04, 0.0, 0.0, 0.0, 0.0, 0.09090909090909091, 0.047619047619047616, 0.041666666666666664, 0.041666666666666664, 0.0, 0.045454545454545456, 0.041666666666666664, 0.0, 0.0, 0.0, 0.0, 0.041666666666666664, 0.0, 0.043478260869565216, 0.47058823529411764, 0.041666666666666664, 0.5625, 0.0, 0.0, 0.0, 0.0, 0.0, 0.0, 0.3157894736842105, 0.08695652173913043, 0.08695652173913043, 0.3157894736842105, 0.045454545454545456, 0.0, 0.0, 0.04, 0.0, 0.09523809523809523, 0.0, 0.0, 0.0, 0.0, 0.0, 0.0, 0.15789473684210525, 0.3157894736842105, 0.0, 0.08695652173913043, 0.043478260869565216, 0.3333333333333333, 0.043478260869565216, 0.08333333333333333, 0.0, 0.041666666666666664, 0.3333333333333333, 0.0, 0.0, 0.0, 0.0, 0.043478260869565216, 0.0, 0.041666666666666664], [0.47058823529411764, 0.041666666666666664, 0.0, 0.041666666666666664, 1.0, 0.08695652173913043, 0.0, 0.041666666666666664, 0.09090909090909091, 0.6, 0.045454545454545456, 0.21052631578947367, 0.0, 0.0, 0.0, 0.0, 0.5, 0.043478260869565216, 0.0, 0.0, 0.0, 0.043478260869565216, 0.14285714285714285, 0.5, 0.09523809523809523, 0.0, 0.0, 0.0, 0.15789473684210525, 0.0, 0.0, 0.0, 0.0, 0.045454545454545456, 0.0, 0.043478260869565216, 0.0, 0.0, 0.09090909090909091, 0.0, 0.043478260869565216, 0.5333333333333333, 0.0, 0.0, 0.0, 0.0, 0.0, 0.0, 0.0, 0.0, 0.1, 0.043478260869565216, 0.045454545454545456, 0.0, 0.0, 0.0, 0.0, 0.0, 0.0, 0.0, 0.0, 0.0, 0.0, 0.0, 0.043478260869565216, 0.043478260869565216, 0.0, 0.13636363636363635, 0.043478260869565216, 0.14285714285714285, 0.043478260869565216, 0.0, 0.043478260869565216, 0.0, 0.043478260869565216, 0.0, 0.0, 0.043478260869565216, 0.14285714285714285, 0.0, 0.043478260869565216, 0.09090909090909091, 0.043478260869565216, 0.043478260869565216, 0.043478260869565216, 0.0, 0.0, 0.043478260869565216, 0.041666666666666664, 0.0, 0.29411764705882354, 0.09090909090909091, 0.0, 0.5333333333333333, 0.0, 0.045454545454545456, 0.0, 0.05, 0.043478260869565216, 0.0, 0.0, 0.0, 0.0, 0.0, 0.47058823529411764, 0.0, 0.0, 0.045454545454545456, 0.15, 0.0, 0.0, 0.09090909090909091, 0.0, 0.045454545454545456, 0.043478260869565216], [0.08333333333333333, 0.0, 0.08333333333333333, 0.3684210526315789, 0.08695652173913043, 1.0, 0.0, 0.0, 0.041666666666666664, 0.041666666666666664, 0.5, 0.3333333333333333, 0.0, 0.0, 0.0, 0.0, 0.08695652173913043, 0.0, 0.0, 0.0, 0.0, 0.0, 0.0, 0.08695652173913043, 0.14285714285714285, 0.0, 0.043478260869565216, 0.0, 0.15, 0.0, 0.0, 0.0, 0.0, 0.0, 0.0, 0.0, 0.0, 0.0, 0.0, 0.0, 0.3157894736842105, 0.043478260869565216, 0.0, 0.0, 0.0, 0.0, 0.0, 0.0, 0.041666666666666664, 0.041666666666666664, 0.09523809523809523, 0.0, 0.3333333333333333, 0.04, 0.0, 0.0, 0.0, 0.0, 0.09090909090909091, 0.047619047619047616, 0.041666666666666664, 0.0, 0.0, 0.045454545454545456, 0.0, 0.0, 0.0, 0.0, 0.0, 0.13636363636363635, 0.0, 0.0, 0.3157894736842105, 0.041666666666666664, 0.3157894736842105, 0.043478260869565216, 0.0, 0.041666666666666664, 0.0, 0.0, 0.0, 0.3888888888888889, 0.08695652173913043, 0.08695652173913043, 0.5625, 0.0, 0.041666666666666664, 0.0, 0.04, 0.0, 0.15, 0.0, 0.0, 0.043478260869565216, 0.0, 0.0, 0.0, 0.2222222222222222, 0.47058823529411764, 0.0, 0.0, 0.0, 0.3333333333333333, 0.0, 0.08333333333333333, 0.0, 0.0, 0.3333333333333333, 0.043478260869565216, 0.0, 0.0, 0.0, 0.09090909090909091, 0.0, 0.0], [0.0, 0.0, 0.3684210526315789, 0.08333333333333333, 0.0, 0.0, 1.0, 0.08333333333333333, 0.041666666666666664, 0.041666666666666664, 0.043478260869565216, 0.0, 0.043478260869565216, 0.3888888888888889, 0.09090909090909091, 0.3684210526315789, 0.0, 0.041666666666666664, 0.0, 0.041666666666666664, 0.0, 0.08695652173913043, 0.08695652173913043, 0.0, 0.0, 0.041666666666666664, 0.043478260869565216, 0.0, 0.0, 0.041666666666666664, 0.041666666666666664, 0.13636363636363635, 0.3888888888888889, 0.0, 0.0, 0.041666666666666664, 0.047619047619047616, 0.0, 0.08695652173913043, 0.3888888888888889, 0.041666666666666664, 0.0, 0.0, 0.041666666666666664, 0.0, 0.0, 0.041666666666666664, 0.47058823529411764, 0.0, 0.041666666666666664, 0.0, 0.0, 0.0, 0.0, 0.09090909090909091, 0.08695652173913043, 0.043478260869565216, 0.0, 0.09090909090909091, 0.1, 0.3888888888888889, 0.041666666666666664, 0.0, 0.09523809523809523, 0.47058823529411764, 0.0, 0.0, 0.0, 0.041666666666666664, 0.0, 0.0, 0.043478260869565216, 0.041666666666666664, 0.041666666666666664, 0.041666666666666664, 0.0, 0.0, 0.041666666666666664, 0.041666666666666664, 0.041666666666666664, 0.041666666666666664, 0.0, 0.13636363636363635, 0.0, 0.0, 0.09523809523809523, 0.0, 0.0, 0.04, 0.041666666666666664, 0.0, 0.0, 0.041666666666666664, 0.0, 0.043478260869565216, 0.0, 0.0, 0.047619047619047616, 0.0, 0.09090909090909091, 0.3888888888888889, 0.09090909090909091, 0.043478260869565216, 0.0, 0.0, 0.0, 0.3888888888888889, 0.0, 0.043478260869565216, 0.0, 0.0, 0.08695652173913043, 0.0, 0.0, 0.041666666666666664], [0.0, 0.0, 0.04, 0.04, 0.041666666666666664, 0.0, 0.08333333333333333, 1.0, 0.47058823529411764, 0.13636363636363635, 0.0, 0.0, 0.0, 0.0, 0.0, 0.04, 0.0, 0.0, 0.0, 0.0, 0.041666666666666664, 0.47058823529411764, 0.47058823529411764, 0.13636363636363635, 0.0, 0.0, 0.0, 0.0, 0.045454545454545456, 0.041666666666666664, 0.041666666666666664, 0.0, 0.08695652173913043, 0.0, 0.0, 0.0, 0.0, 0.0, 0.0, 0.08695652173913043, 0.08695652173913043, 0.09090909090909091, 0.0, 0.0, 0.0, 0.0, 0.13636363636363635, 0.08695652173913043, 0.0, 0.041666666666666664, 0.09523809523809523, 0.5625, 0.043478260869565216, 0.04, 0.0, 0.041666666666666664, 0.0, 0.0, 0.043478260869565216, 0.0, 0.041666666666666664, 0.0, 0.0, 0.0, 0.08695652173913043, 0.0, 0.0, 0.08333333333333333, 0.47058823529411764, 0.0, 0.0, 0.0, 0.041666666666666664, 0.13636363636363635, 0.13636363636363635, 0.0, 0.0, 0.6666666666666666, 0.47058823529411764, 0.0, 0.041666666666666664, 0.08695652173913043, 0.13636363636363635, 0.041666666666666664, 0.0, 0.045454545454545456, 0.0, 0.0, 0.04, 0.0, 0.045454545454545456, 0.0, 0.0, 0.043478260869565216, 0.043478260869565216, 0.0, 0.0, 0.0, 0.08695652173913043, 0.0, 0.08695652173913043, 0.0, 0.043478260869565216, 0.0, 0.0, 0.0, 0.041666666666666664, 0.043478260869565216, 0.5, 0.0, 0.041666666666666664, 0.47058823529411764, 0.0, 0.0, 0.041666666666666664], [0.13636363636363635, 0.0, 0.0, 0.0, 0.09090909090909091, 0.041666666666666664, 0.041666666666666664, 0.47058823529411764, 1.0, 0.2, 0.0, 0.045454545454545456, 0.0, 0.0, 0.0, 0.041666666666666664, 0.09090909090909091, 0.0, 0.0, 0.0, 0.043478260869565216, 0.5, 0.6, 0.3333333333333333, 0.045454545454545456, 0.0, 0.0, 0.0, 0.1, 0.0, 0.0, 0.0, 0.043478260869565216, 0.0, 0.0, 0.0, 0.0, 0.0, 0.0, 0.0, 0.14285714285714285, 0.15, 0.0, 0.0, 0.0, 0.0, 0.09090909090909091, 0.043478260869565216, 0.0, 0.0, 0.2222222222222222, 0.5, 0.0, 0.0, 0.0, 0.0, 0.0, 0.0, 0.0, 0.0, 0.0, 0.0, 0.0, 0.0, 0.09090909090909091, 0.0, 0.0, 0.08695652173913043, 0.5, 0.043478260869565216, 0.0, 0.0, 0.0, 0.09090909090909091, 0.0, 0.0, 0.0, 0.5, 0.5, 0.0, 0.0, 0.0, 0.09090909090909091, 0.0, 0.0, 0.0, 0.0, 0.0, 0.0, 0.0, 0.1, 0.0, 0.0, 0.09523809523809523, 0.0, 0.0, 0.0, 0.0, 0.043478260869565216, 0.0, 0.0, 0.045454545454545456, 0.0, 0.0, 0.08695652173913043, 0.0, 0.0, 0.0, 0.6428571428571429, 0.0, 0.0, 0.5, 0.0, 0.0, 0.0], [0.47058823529411764, 0.041666666666666664, 0.041666666666666664, 0.0, 0.6, 0.041666666666666664, 0.041666666666666664, 0.13636363636363635, 0.2, 1.0, 0.0, 0.045454545454545456, 0.0, 0.043478260869565216, 0.0, 0.0, 0.5, 0.043478260869565216, 0.0, 0.0, 0.0, 0.14285714285714285, 0.2631578947368421, 0.6, 0.0, 0.0, 0.0, 0.0, 0.047619047619047616, 0.0, 0.0, 0.0, 0.043478260869565216, 0.045454545454545456, 0.0, 0.043478260869565216, 0.0, 0.0, 0.043478260869565216, 0.0, 0.043478260869565216, 0.6428571428571429, 0.0, 0.0, 0.0, 0.0, 0.0, 0.09090909090909091, 0.0, 0.0, 0.0, 0.14285714285714285, 0.0, 0.0, 0.0, 0.0, 0.0, 0.0, 0.0, 0.0, 0.043478260869565216, 0.0, 0.0, 0.047619047619047616, 0.09090909090909091, 0.043478260869565216, 0.0, 0.13636363636363635, 0.14285714285714285, 0.043478260869565216, 0.0, 0.0, 0.043478260869565216, 0.0, 0.0, 0.0, 0.0, 0.14285714285714285, 0.2, 0.0, 0.043478260869565216, 0.043478260869565216, 0.043478260869565216, 0.0, 0.0, 0.0, 0.0, 0.043478260869565216, 0.0, 0.0, 0.15789473684210525, 0.043478260869565216, 0.0, 0.5333333333333333, 0.0, 0.0, 0.0, 0.0, 0.0, 0.0, 0.043478260869565216, 0.0, 0.0, 0.0, 0.47058823529411764, 0.0, 0.043478260869565216, 0.0, 0.21052631578947367, 0.0, 0.0, 0.2, 0.0, 0.0, 0.043478260869565216], [0.0, 0.0, 0.14285714285714285, 0.4117647058823529, 0.045454545454545456, 0.5, 0.043478260869565216, 0.0, 0.0, 0.0, 1.0, 0.15789473684210525, 0.0, 0.045454545454545456, 0.0, 0.043478260869565216, 0.045454545454545456, 0.0, 0.0, 0.0, 0.0, 0.0, 0.0, 0.0, 0.1, 0.0, 0.0, 0.0, 0.05, 0.0, 0.0, 0.0, 0.0, 0.0, 0.0, 0.0, 0.0, 0.0, 0.0, 0.045454545454545456, 0.35294117647058826, 0.0, 0.0, 0.0, 0.0, 0.0, 0.0, 0.045454545454545456, 0.045454545454545456, 0.045454545454545456, 0.05, 0.0, 0.375, 0.0, 0.0, 0.0, 0.0, 0.0, 0.0, 0.05263157894736842, 0.09523809523809523, 0.0, 0.0, 0.0, 0.045454545454545456, 0.0, 0.0, 0.0, 0.0, 0.045454545454545456, 0.0, 0.1, 0.35294117647058826, 0.045454545454545456, 0.35294117647058826, 0.047619047619047616, 0.0, 0.045454545454545456, 0.0, 0.0, 0.0, 0.4375, 0.09523809523809523, 0.09523809523809523, 0.4375, 0.0, 0.0, 0.0, 0.043478260869565216, 0.0, 0.10526315789473684, 0.0, 0.0, 0.0, 0.0, 0.0, 0.0, 0.17647058823529413, 0.4375, 0.0, 0.045454545454545456, 0.0, 0.375, 0.047619047619047616, 0.09090909090909091, 0.0, 0.045454545454545456, 0.5714285714285714, 0.0, 0.0, 0.0, 0.0, 0.0, 0.0, 0.0], [0.09090909090909091, 0.0, 0.043478260869565216, 0.14285714285714285, 0.21052631578947367, 0.3333333333333333, 0.0, 0.0, 0.045454545454545456, 0.045454545454545456, 0.15789473684210525, 1.0, 0.0, 0.0, 0.0, 0.0, 0.045454545454545456, 0.0, 0.0, 0.0, 0.0, 0.0, 0.0, 0.09523809523809523, 0.375, 0.045454545454545456, 0.047619047619047616, 0.0, 0.4, 0.0, 0.045454545454545456, 0.0, 0.0, 0.0, 0.0, 0.0, 0.0, 0.0, 0.045454545454545456, 0.0, 0.045454545454545456, 0.047619047619047616, 0.0, 0.0, 0.0, 0.0, 0.0, 0.0, 0.0, 0.0, 0.4, 0.045454545454545456, 0.1, 0.0, 0.0, 0.0, 0.0, 0.0, 0.1, 0.05263157894736842, 0.045454545454545456, 0.0, 0.0, 0.05, 0.0, 0.0, 0.045454545454545456, 0.043478260869565216, 0.045454545454545456, 0.35294117647058826, 0.045454545454545456, 0.0, 0.15, 0.0, 0.15, 0.0, 0.0, 0.0, 0.09523809523809523, 0.0, 0.0, 0.15, 0.0, 0.045454545454545456, 0.21052631578947367, 0.0, 0.045454545454545456, 0.09523809523809523, 0.043478260869565216, 0.0, 0.5, 0.045454545454545456, 0.0, 0.047619047619047616, 0.0, 0.047619047619047616, 0.0, 0.17647058823529413, 0.15, 0.0, 0.0, 0.0, 0.1, 0.0, 0.09090909090909091, 0.0, 0.0, 0.1, 0.0, 0.0, 0.045454545454545456, 0.0, 0.047619047619047616, 0.047619047619047616, 0.045454545454545456], [0.0, 0.0, 0.09090909090909091, 0.043478260869565216, 0.0, 0.0, 0.043478260869565216, 0.0, 0.0, 0.0, 0.0, 0.0, 1.0, 0.09523809523809523, 0.375, 0.09090909090909091, 0.09523809523809523, 0.09523809523809523, 0.2777777777777778, 0.09523809523809523, 0.09523809523809523, 0.0, 0.0, 0.0, 0.0, 0.0, 0.4666666666666667, 0.09523809523809523, 0.05, 0.0, 0.0, 0.21052631578947367, 0.045454545454545456, 0.0, 0.21052631578947367, 0.045454545454545456, 0.25, 0.045454545454545456, 0.4375, 0.09523809523809523, 0.0, 0.0, 0.26666666666666666, 0.4375, 0.0, 0.045454545454545456, 0.0, 0.0, 0.0, 0.0, 0.0, 0.0, 0.0, 0.0, 0.2222222222222222, 0.0, 0.0, 0.0, 0.1, 0.05263157894736842, 0.045454545454545456, 0.21052631578947367, 0.045454545454545456, 0.0, 0.045454545454545456, 0.045454545454545456, 0.0, 0.0, 0.0, 0.0, 0.045454545454545456, 0.2222222222222222, 0.0, 0.0, 0.0, 0.0, 0.0, 0.0, 0.0, 0.045454545454545456, 0.045454545454545456, 0.0, 0.0, 0.0, 0.0, 0.4, 0.0, 0.045454545454545456, 0.0, 0.0, 0.0, 0.0, 0.0, 0.0, 0.047619047619047616, 0.047619047619047616, 0.047619047619047616, 0.0, 0.0, 0.2222222222222222, 0.045454545454545456, 0.0, 0.0, 0.0, 0.0, 0.0, 0.045454545454545456, 0.0, 0.0, 0.0, 0.045454545454545456, 0.0, 0.0, 0.047619047619047616, 0.0], [0.0, 0.041666666666666664, 0.3888888888888889, 0.041666666666666664, 0.0, 0.0, 0.3888888888888889, 0.0, 0.0, 0.043478260869565216, 0.045454545454545456, 0.0, 0.09523809523809523, 1.0, 0.15, 0.47058823529411764, 0.0, 0.043478260869565216, 0.043478260869565216, 0.0, 0.0, 0.043478260869565216, 0.0, 0.0, 0.045454545454545456, 0.09090909090909091, 0.045454545454545456, 0.0, 0.0, 0.0, 0.0, 0.043478260869565216, 0.4117647058823529, 0.045454545454545456, 0.043478260869565216, 0.0, 0.05, 0.043478260869565216, 0.09090909090909091, 0.4117647058823529, 0.0, 0.0, 0.0, 0.043478260869565216, 0.043478260869565216, 0.09090909090909091, 0.043478260869565216, 0.4117647058823529, 0.0, 0.09090909090909091, 0.0, 0.0, 0.0, 0.041666666666666664, 0.045454545454545456, 0.0, 0.045454545454545456, 0.0, 0.0, 0.05, 0.4117647058823529, 0.0, 0.043478260869565216, 0.047619047619047616, 0.4117647058823529, 0.0, 0.0, 0.041666666666666664, 0.043478260869565216, 0.0, 0.0, 0.045454545454545456, 0.043478260869565216, 0.043478260869565216, 0.043478260869565216, 0.0, 0.0, 0.0, 0.0, 0.0, 0.043478260869565216, 0.0, 0.09090909090909091, 0.043478260869565216, 0.0, 0.047619047619047616, 0.0, 0.0, 0.041666666666666664, 0.043478260869565216, 0.0, 0.0, 0.09090909090909091, 0.0, 0.0, 0.0, 0.0, 0.0, 0.0, 0.045454545454545456, 0.4117647058823529, 0.0, 0.045454545454545456, 0.045454545454545456, 0.0, 0.045454545454545456, 0.5, 0.0, 0.0, 0.043478260869565216, 0.09090909090909091, 0.043478260869565216, 0.0, 0.0, 0.09090909090909091], [0.0, 0.0, 0.14285714285714285, 0.09090909090909091, 0.0, 0.0, 0.09090909090909091, 0.0, 0.0, 0.0, 0.0, 0.0, 0.375, 0.15, 1.0, 0.14285714285714285, 0.045454545454545456, 0.045454545454545456, 0.2777777777777778, 0.0, 0.0, 0.0, 0.0, 0.0, 0.0, 0.0, 0.375, 0.045454545454545456, 0.05, 0.0, 0.0, 0.2777777777777778, 0.045454545454545456, 0.0, 0.2777777777777778, 0.0, 0.1111111111111111, 0.0, 0.5333333333333333, 0.15, 0.0, 0.0, 0.11764705882352941, 0.35294117647058826, 0.0, 0.0, 0.0, 0.09523809523809523, 0.0, 0.0, 0.0, 0.0, 0.0, 0.0, 0.29411764705882354, 0.045454545454545456, 0.0, 0.0, 0.0, 0.0, 0.15, 0.2777777777777778, 0.0, 0.0, 0.045454545454545456, 0.0, 0.0, 0.0, 0.045454545454545456, 0.0, 0.045454545454545456, 0.29411764705882354, 0.09523809523809523, 0.0, 0.045454545454545456, 0.0, 0.0, 0.0, 0.0, 0.045454545454545456, 0.045454545454545456, 0.0, 0.0, 0.0, 0.0, 0.5, 0.0, 0.0, 0.0, 0.045454545454545456, 0.0, 0.0, 0.045454545454545456, 0.0, 0.0, 0.0, 0.0, 0.0, 0.0, 0.29411764705882354, 0.15, 0.0, 0.0, 0.0, 0.0, 0.0, 0.09523809523809523, 0.0, 0.0, 0.0, 0.0, 0.0, 0.0, 0.0, 0.045454545454545456], [0.0, 0.0, 0.4444444444444444, 0.04, 0.0, 0.0, 0.3684210526315789, 0.04, 0.041666666666666664, 0.0, 0.043478260869565216, 0.0, 0.09090909090909091, 0.47058823529411764, 0.14285714285714285, 1.0, 0.0, 0.0, 0.0, 0.0, 0.0, 0.08695652173913043, 0.08695652173913043, 0.0, 0.0, 0.041666666666666664, 0.043478260869565216, 0.0, 0.0, 0.0, 0.0, 0.041666666666666664, 0.3888888888888889, 0.0, 0.0, 0.041666666666666664, 0.0, 0.0, 0.08695652173913043, 0.47058823529411764, 0.0, 0.0, 0.0, 0.041666666666666664, 0.0, 0.041666666666666664, 0.08695652173913043, 0.3888888888888889, 0.041666666666666664, 0.08695652173913043, 0.045454545454545456, 0.041666666666666664, 0.0, 0.04, 0.09090909090909091, 0.0, 0.043478260869565216, 0.043478260869565216, 0.043478260869565216, 0.047619047619047616, 0.3888888888888889, 0.08695652173913043, 0.0, 0.0, 0.3888888888888889, 0.0, 0.041666666666666664, 0.08333333333333333, 0.08695652173913043, 0.0, 0.0, 0.09090909090909091, 0.041666666666666664, 0.041666666666666664, 0.041666666666666664, 0.043478260869565216, 0.0, 0.0, 0.041666666666666664, 0.0, 0.0, 0.0, 0.08695652173913043, 0.041666666666666664, 0.0, 0.045454545454545456, 0.041666666666666664, 0.0, 0.04, 0.0, 0.0, 0.041666666666666664, 0.13636363636363635, 0.0, 0.0, 0.0, 0.0, 0.0, 0.0, 0.09090909090909091, 0.3888888888888889, 0.0, 0.043478260869565216, 0.0, 0.04, 0.0, 0.47058823529411764, 0.0, 0.043478260869565216, 0.0, 0.08695652173913043, 0.041666666666666664, 0.043478260869565216, 0.0, 0.08695652173913043], [0.47058823529411764, 0.041666666666666664, 0.0, 0.041666666666666664, 0.5, 0.08695652173913043, 0.0, 0.0, 0.09090909090909091, 0.5, 0.045454545454545456, 0.045454545454545456, 0.09523809523809523, 0.0, 0.045454545454545456, 0.0, 1.0, 0.09090909090909091, 0.043478260869565216, 0.0, 0.043478260869565216, 0.0, 0.09090909090909091, 0.5, 0.0, 0.0, 0.045454545454545456, 0.043478260869565216, 0.1, 0.0, 0.0, 0.0, 0.0, 0.045454545454545456, 0.0, 0.043478260869565216, 0.0, 0.0, 0.09090909090909091, 0.043478260869565216, 0.09090909090909091, 0.6428571428571429, 0.0, 0.043478260869565216, 0.0, 0.0, 0.043478260869565216, 0.0, 0.0, 0.043478260869565216, 0.0, 0.0, 0.0, 0.041666666666666664, 0.045454545454545456, 0.0, 0.0, 0.0, 0.045454545454545456, 0.0, 0.0, 0.0, 0.043478260869565216, 0.0, 0.043478260869565216, 0.09090909090909091, 0.0, 0.19047619047619047, 0.043478260869565216, 0.043478260869565216, 0.0, 0.045454545454545456, 0.09090909090909091, 0.043478260869565216, 0.0, 0.0, 0.0, 0.0, 0.043478260869565216, 0.0, 0.043478260869565216, 0.09090909090909091, 0.09090909090909091, 0.09090909090909091, 0.043478260869565216, 0.047619047619047616, 0.0, 0.09090909090909091, 0.041666666666666664, 0.0, 0.1, 0.043478260869565216, 0.0, 0.5333333333333333, 0.0, 0.045454545454545456, 0.045454545454545456, 0.0, 0.043478260869565216, 0.0, 0.0, 0.0, 0.0, 0.0, 0.5625, 0.0, 0.0, 0.045454545454545456, 0.09523809523809523, 0.0, 0.043478260869565216, 0.043478260869565216, 0.0, 0.045454545454545456, 0.09090909090909091], [0.08695652173913043, 0.041666666666666664, 0.0, 0.041666666666666664, 0.043478260869565216, 0.0, 0.041666666666666664, 0.0, 0.0, 0.043478260869565216, 0.0, 0.0, 0.09523809523809523, 0.043478260869565216, 0.045454545454545456, 0.0, 0.09090909090909091, 1.0, 0.043478260869565216, 0.0, 0.4117647058823529, 0.043478260869565216, 0.0, 0.043478260869565216, 0.045454545454545456, 0.0, 0.09523809523809523, 0.3333333333333333, 0.047619047619047616, 0.0, 0.0, 0.0, 0.0, 0.0, 0.043478260869565216, 0.0, 0.16666666666666666, 0.043478260869565216, 0.09090909090909091, 0.0, 0.0, 0.045454545454545456, 0.0, 0.043478260869565216, 0.0, 0.043478260869565216, 0.0, 0.0, 0.043478260869565216, 0.0, 0.0, 0.0, 0.0, 0.0, 0.0, 0.0, 0.35294117647058826, 0.0, 0.09523809523809523, 0.10526315789473684, 0.0, 0.043478260869565216, 0.3333333333333333, 0.15789473684210525, 0.0, 0.4117647058823529, 0.043478260869565216, 0.041666666666666664, 0.0, 0.043478260869565216, 0.3333333333333333, 0.0, 0.0, 0.0, 0.0, 0.045454545454545456, 0.3333333333333333, 0.0, 0.0, 0.0, 0.0, 0.043478260869565216, 0.0, 0.0, 0.0, 0.047619047619047616, 0.043478260869565216, 0.5, 0.041666666666666664, 0.0, 0.0, 0.0, 0.0, 0.045454545454545456, 0.0, 0.35294117647058826, 0.4375, 0.05, 0.0, 0.0, 0.0, 0.045454545454545456, 0.0, 0.0, 0.08695652173913043, 0.045454545454545456, 0.0, 0.0, 0.0, 0.0, 0.0, 0.0, 0.045454545454545456, 0.4375, 0.043478260869565216], [0.0, 0.0, 0.0, 0.0, 0.0, 0.0, 0.0, 0.0, 0.0, 0.0, 0.0, 0.0, 0.2777777777777778, 0.043478260869565216, 0.2777777777777778, 0.0, 0.043478260869565216, 0.043478260869565216, 1.0, 0.14285714285714285, 0.043478260869565216, 0.0, 0.0, 0.0, 0.0, 0.0, 0.2777777777777778, 0.0, 0.047619047619047616, 0.09090909090909091, 0.043478260869565216, 0.4117647058823529, 0.043478260869565216, 0.045454545454545456, 0.6, 0.09090909090909091, 0.23529411764705882, 0.043478260869565216, 0.2631578947368421, 0.09090909090909091, 0.0, 0.0, 0.17647058823529413, 0.3333333333333333, 0.043478260869565216, 0.0, 0.0, 0.043478260869565216, 0.0, 0.0, 0.0, 0.0, 0.0, 0.0, 0.5333333333333333, 0.14285714285714285, 0.0, 0.045454545454545456, 0.045454545454545456, 0.05, 0.043478260869565216, 0.4117647058823529, 0.043478260869565216, 0.047619047619047616, 0.0, 0.0, 0.0, 0.0, 0.0, 0.0, 0.0, 0.5333333333333333, 0.043478260869565216, 0.0, 0.0, 0.0, 0.0, 0.0, 0.0, 0.09090909090909091, 0.0, 0.0, 0.0, 0.0, 0.0, 0.2222222222222222, 0.0, 0.0, 0.0, 0.043478260869565216, 0.0, 0.0, 0.043478260869565216, 0.0, 0.09523