1	4	2.99266
1	5	2.9605
1	7	2.85987
1	8	2.91871
1	15	3.17293
1	18	3.21966
1	30	3.50464
1	31	3.85113
1	33	3.82081
1	34	3.92686
1	47	3.63583
1	48	4.06289
2	18	5.23832
2	21	3.1998
2	24	3.26498
2	25	3.24615
2	27	3.35054
2	30	3.46788
2	35	3.14411
2	39	3.27505
2	41	3.54536
2	43	3.62983
2	44	3.61192
2	50	3.7229
3	4	2.77181
3	18	2.99882
3	20	3.24971
3	23	3.41869
3	28	3.54643
3	29	3.42841
3	31	3.63028
3	32	7.00928
3	33	3.59996
3	36	3.59166
3	37	3.39886
3	42	3.81375
4	1	2.99266
4	3	2.77181
4	8	2.86276
4	9	3.49961
4	12	2.91946
4	24	4.12084
4	29	3.59331
4	33	3.76486
4	34	3.87091
4	37	3.56376
4	40	3.58251
4	48	4.00694
5	1	2.9605
5	6	2.92599
5	8	2.8306
5	15	3.08481
5	25	3.71728
5	26	2.88462
5	28	3.67916
5	36	3.72439
5	40	3.55034
5	42	3.94648
5	45	3.8671
5	48	3.97477
6	5	2.92599
6	8	2.88421
6	9	3.52105
6	15	3.13842
6	18	3.18516
6	26	2.93822
6	29	3.61475
6	31	3.81662
6	34	3.89235
6	40	3.60395
6	45	3.92071
6	46	4.56755
7	1	2.85987
7	9	3.36682
7	18	3.03092
7	19	5.23832
7	20	3.28182
7	26	2.78399
7	34	3.73812
7	37	3.43096
7	40	3.44972
7	42	3.84585
7	45	3.76647
7	48	3.87414
8	1	2.91871
8	4	2.86276
8	5	2.8306
8	6	2.88421
8	23	3.50964
8	28	3.63738
8	30	3.50464
8	31	3.72123
8	34	3.79696
8	45	3.82532
8	47	3.50593
8	48	3.93299
9	4	3.49961
9	6	3.52105
9	7	3.36682
9	12	3.48236
9	14	3.30521
9	20	3.97751
9	26	3.47968
9	27	1.66892
9	34	4.43381
9	42	4.54155
9	44	5.15597
9	45	4.46216
9	47	4.14278
10	11	3.35947
10	19	3.30477
10	25	3.74472
10	28	1.92085
10	30	3.96646
10	32	3.55278
10	35	3.64268
10	37	7.63675
10	39	3.77363
10	44	4.11049
10	46	4.07719
10	49	4.46565
10	50	4.22147
11	10	3.35947
11	19	3.23278
11	21	3.62638
11	25	3.67273
11	28	4.47915
11	29	0.318262
11	38	3.99946
11	39	3.70163
11	41	3.97194
11	43	4.05641
11	44	4.0385
11	49	4.39366
11	50	4.14948
12	4	2.91946
12	9	3.48236
12	15	3.09973
12	26	2.89953
12	28	3.69408
12	29	3.57606
12	33	3.74761
12	36	3.73931
12	37	3.54651
12	38	4.41475
12	42	3.9614
12	47	3.56263
12	48	3.98968
13	19	2.98568
13	21	3.37929
13	22	2.94188
13	24	3.44447
13	27	3.53003
13	30	3.64737
13	35	3.3236
13	38	3.75236
13	41	3.72485
13	43	3.80932
13	44	3.79141
13	45	4.11902
13	50	3.90239
14	9	3.30521
14	15	2.92258
14	22	5.23832
14	23	3.38919
14	28	3.51693
14	31	3.60078
14	33	3.57046
14	34	3.67651
14	36	3.56216
14	37	3.36936
14	42	3.78425
14	45	3.70487
14	48	3.81254
15	1	3.17293
15	5	3.08481
15	6	3.13842
15	12	3.09973
15	14	2.92258
15	18	3.34398
15	20	3.59487
15	31	3.97544
15	40	3.76277
15	42	4.15891
15	47	3.76014
15	48	4.1872
15	50	5.33574
16	17	2.91084
16	25	3.35654
16	27	3.46093
16	31	4.04927
16	32	3.1646
16	35	3.2545
16	38	3.68327
16	39	3.38544
16	41	3.65575
16	43	3.74022
16	46	3.689
16	49	4.07747
16	50	3.83329
17	16	2.91084
17	19	3.17233
17	21	3.56593
17	22	3.12852
17	24	3.63112
17	27	3.71667
17	30	3.83402
17	32	3.42034
17	34	5.27948
17	35	3.51024
17	38	3.93901
17	46	3.94475
17	49	4.33321
17	50	4.08903
18	1	3.21966
18	2	5.23832
18	3	2.99882
18	6	3.18516
18	7	3.03092
18	15	3.34398
18	20	3.64161
18	23	3.81059
18	31	4.02218
18	34	4.09791
18	36	3.98356
18	37	3.79076
18	40	3.80951
18	48	4.23394
19	7	5.23832
19	10	3.30477
19	11	3.23278
19	13	2.98568
19	17	3.17233
19	22	3.13427
19	24	3.63686
19	30	3.83976
19	38	3.94475
19	39	3.64693
19	43	4.00171
19	44	3.9838
19	46	3.95049
19	49	4.33896
20	3	3.24971
20	7	3.28182
20	9	3.97751
20	15	3.59487
20	18	3.64161
20	29	4.0712
20	33	4.24275
20	37	4.04165
20	40	4.0604
20	41	1.91064
20	42	4.45654
20	46	3.71435
20	47	4.05777
20	48	4.48483
21	2	3.1998
21	11	3.62638
21	13	3.37929
21	17	3.56593
21	22	3.52787
21	23	3.15783
21	27	4.11602
21	30	4.23337
21	38	4.33836
21	39	4.04054
21	41	4.31084
21	46	4.3441
21	47	8.28191
21	50	4.48838
22	13	2.94188
22	14	5.23832
22	17	3.12852
22	19	3.13427
22	21	3.52787
22	25	3.57422
22	32	3.38228
22	38	3.90095
22	39	3.60313
22	41	3.87343
22	43	3.9579
22	44	3.93999
22	46	3.90669
22	49	4.29515
23	3	3.41869
23	8	3.50964
23	14	3.38919
23	18	3.81059
23	21	3.15783
23	26	3.56366
23	28	4.35821
23	29	4.24019
23	33	4.41174
23	36	4.40344
23	37	4.21064
23	40	4.22939
23	45	4.54614
23	47	4.22676
23	49	1.63165
24	2	3.26498
24	4	4.12084
24	13	3.44447
24	17	3.63112
24	19	3.63686
24	27	4.18121
24	32	3.88487
24	34	1.7298
24	35	3.97478
24	38	4.40354
24	39	4.10572
24	41	4.37602
24	44	4.44259
24	46	4.40928
24	50	4.55357
25	2	3.24615
25	5	3.71728
25	10	3.74472
25	11	3.67273
25	16	3.35654
25	22	3.57422
25	30	4.27971
25	35	3.95594
25	38	4.3847
25	39	4.08688
25	41	4.35719
25	42	2.32399
25	43	4.44166
25	44	4.42375
25	49	4.77891
26	5	2.88462
26	6	2.93822
26	7	2.78399
26	9	3.47968
26	12	2.89953
26	23	3.56366
26	28	3.6914
26	31	3.77525
26	33	3.74493
26	34	3.85098
26	36	3.73663
26	40	3.56258
26	42	3.95872
26	45	3.87933
26	47	3.55995
27	2	3.35054
27	9	1.66892
27	13	3.53003
27	16	3.46093
27	17	3.71667
27	21	4.11602
27	24	4.18121
27	32	3.97043
27	35	4.06033
27	38	4.4891
27	39	4.19128
27	44	4.52814
27	45	4.16288
27	46	4.49484
27	49	4.8833
27	50	4.63912
28	3	3.54643
28	5	3.67916
28	8	3.63738
28	10	1.92085
28	11	4.47915
28	12	3.69408
28	14	3.51693
28	23	4.35821
28	26	3.6914
28	29	4.36792
28	33	4.53947
28	37	4.33837
28	40	4.35712
28	42	4.75326
28	47	4.35449
28	48	4.78155
29	3	3.42841
29	4	3.59331
29	6	3.61475
29	11	0.318262
29	12	3.57606
29	20	4.0712
29	23	4.24019
29	28	4.36792
29	31	4.45178
29	34	4.5275
29	36	4.41315
29	37	4.22035
29	39	7.63675
29	40	4.2391
29	42	4.63524
29	47	4.23647
30	1	3.50464
30	2	3.46788
30	8	3.50464
30	10	3.96646
30	13	3.64737
30	17	3.83402
30	19	3.83976
30	21	4.23337
30	25	4.27971
30	32	4.08777
30	35	4.17768
30	39	4.30862
30	41	4.57892
30	43	4.66339
30	44	4.64549
30	46	4.61218
30	50	4.75647
31	1	3.85113
31	3	3.63028
31	6	3.81662
31	8	3.72123
31	14	3.60078
31	15	3.97544
31	16	4.04927
31	18	4.02218
31	26	3.77525
31	29	4.45178
31	34	4.72938
31	36	4.61502
31	42	4.83711
31	45	4.75773
31	47	4.43834
31	48	4.8654
31	50	3.60853
32	3	7.00928
32	10	3.55278
32	16	3.1646
32	17	3.42034
32	22	3.38228
32	24	3.88487
32	27	3.97043
32	30	4.08777
32	35	3.764
32	38	4.19276
32	39	3.89494
32	41	4.16525
32	43	4.24972
32	44	4.23181
32	46	4.1985
32	49	4.58697
32	50	4.34279
33	1	3.82081
33	3	3.59996
33	4	3.76486
33	12	3.74761
33	14	3.57046
33	20	4.24275
33	23	4.41174
33	26	3.74493
33	28	4.53947
33	34	4.69905
33	35	7.00928
33	36	4.5847
33	37	4.3919
33	44	3.12594
33	45	4.72741
33	47	4.40802
33	48	4.83508
34	1	3.92686
34	4	3.87091
34	6	3.89235
34	7	3.73812
34	8	3.79696
34	9	4.43381
34	14	3.67651
34	17	5.27948
34	18	4.09791
34	24	1.7298
34	26	3.85098
34	29	4.5275
34	31	4.72938
34	33	4.69905
34	37	4.49795
34	40	4.5167
34	45	4.83346
35	2	3.14411
35	10	3.64268
35	13	3.3236
35	16	3.2545
35	17	3.51024
35	24	3.97478
35	25	3.95594
35	27	4.06033
35	30	4.17768
35	32	3.764
35	33	7.00928
35	38	4.28267
35	41	4.25515
35	43	4.33962
35	46	4.28841
35	49	4.67687
35	50	4.43269
36	3	3.59166
36	5	3.72439
36	12	3.73931
36	14	3.56216
36	18	3.98356
36	23	4.40344
36	26	3.73663
36	29	4.41315
36	31	4.61502
36	33	4.5847
36	37	4.3836
36	38	3.222
36	40	4.40235
36	43	2.7255
36	45	4.71911
36	47	4.39972
36	48	4.82678
37	3	3.39886
37	4	3.56376
37	7	3.43096
37	10	7.63675
37	12	3.54651
37	14	3.36936
37	18	3.79076
37	20	4.04165
37	23	4.21064
37	28	4.33837
37	29	4.22035
37	33	4.3919
37	34	4.49795
37	36	4.3836
37	40	4.20955
37	42	4.60569
37	45	4.52631
37	47	4.20692
38	11	3.99946
38	12	4.41475
38	13	3.75236
38	16	3.68327
38	17	3.93901
38	19	3.94475
38	21	4.33836
38	22	3.90095
38	24	4.40354
38	25	4.3847
38	27	4.4891
38	32	4.19276
38	35	4.28267
38	36	3.222
38	41	4.68392
38	43	4.76839
38	49	5.10564
38	50	4.86146
39	2	3.27505
39	10	3.77363
39	11	3.70163
39	16	3.38544
39	19	3.64693
39	21	4.04054
39	22	3.60313
39	24	4.10572
39	25	4.08688
39	27	4.19128
39	29	7.63675
39	30	4.30862
39	32	3.89494
39	43	4.47056
39	44	4.45266
39	46	4.41935
39	49	4.80781
39	50	4.56364
40	4	3.58251
40	5	3.55034
40	6	3.60395
40	7	3.44972
40	15	3.76277
40	18	3.80951
40	20	4.0604
40	23	4.22939
40	26	3.56258
40	28	4.35712
40	29	4.2391
40	34	4.5167
40	36	4.40235
40	37	4.20955
40	42	4.62444
40	45	4.54506
40	47	4.22567
40	49	6.61676
41	2	3.54536
41	11	3.97194
41	13	3.72485
41	16	3.65575
41	20	1.91064
41	21	4.31084
41	22	3.87343
41	24	4.37602
41	25	4.35719
41	30	4.57892
41	32	4.16525
41	35	4.25515
41	38	4.68392
41	42	5.95792
41	43	4.74087
41	44	4.72296
41	46	4.68965
41	49	5.07812
42	3	3.81375
42	5	3.94648
42	7	3.84585
42	9	4.54155
42	12	3.9614
42	14	3.78425
42	15	4.15891
42	20	4.45654
42	25	2.32399
42	26	3.95872
42	28	4.75326
42	29	4.63524
42	31	4.83711
42	37	4.60569
42	40	4.62444
42	41	5.95792
42	45	4.9412
42	47	4.62181
42	48	5.04887
43	2	3.62983
43	11	4.05641
43	13	3.80932
43	16	3.74022
43	19	4.00171
43	22	3.9579
43	25	4.44166
43	30	4.66339
43	32	4.24972
43	35	4.33962
43	36	2.7255
43	38	4.76839
43	39	4.47056
43	41	4.74087
43	44	4.80743
43	46	4.77412
43	48	6.56607
43	49	5.16259
43	50	4.91841
44	2	3.61192
44	9	5.15597
44	10	4.11049
44	11	4.0385
44	13	3.79141
44	19	3.9838
44	22	3.93999
44	24	4.44259
44	25	4.42375
44	27	4.52814
44	30	4.64549
44	32	4.23181
44	33	3.12594
44	39	4.45266
44	41	4.72296
44	43	4.80743
44	46	4.75622
44	49	5.14468
44	50	4.9005
45	5	3.8671
45	6	3.92071
45	7	3.76647
45	8	3.82532
45	9	4.46216
45	13	4.11902
45	14	3.70487
45	23	4.54614
45	26	3.87933
45	27	4.16288
45	31	4.75773
45	33	4.72741
45	34	4.83346
45	36	4.71911
45	37	4.52631
45	40	4.54506
45	42	4.9412
45	47	4.54243
45	48	4.96949
46	6	4.56755
46	10	4.07719
46	16	3.689
46	17	3.94475
46	19	3.95049
46	20	3.71435
46	21	4.3441
46	22	3.90669
46	24	4.40928
46	27	4.49484
46	30	4.61218
46	32	4.1985
46	35	4.28841
46	39	4.41935
46	41	4.68965
46	43	4.77412
46	44	4.75622
46	49	5.11137
46	50	4.8672
47	1	3.63583
47	8	3.50593
47	9	4.14278
47	12	3.56263
47	15	3.76014
47	20	4.05777
47	21	8.28191
47	23	4.22676
47	26	3.55995
47	28	4.35449
47	29	4.23647
47	31	4.43834
47	33	4.40802
47	36	4.39972
47	37	4.20692
47	40	4.22567
47	42	4.62181
47	45	4.54243
47	48	4.6501
48	1	4.06289
48	4	4.00694
48	5	3.97477
48	7	3.87414
48	8	3.93299
48	12	3.98968
48	14	3.81254
48	15	4.1872
48	18	4.23394
48	20	4.48483
48	28	4.78155
48	31	4.8654
48	33	4.83508
48	36	4.82678
48	42	5.04887
48	43	6.56607
48	45	4.96949
48	47	4.6501
48	49	0.695854
49	10	4.46565
49	11	4.39366
49	16	4.07747
49	17	4.33321
49	19	4.33896
49	22	4.29515
49	23	1.63165
49	25	4.77891
49	27	4.8833
49	32	4.58697
49	35	4.67687
49	38	5.10564
49	39	4.80781
49	40	6.61676
49	41	5.07812
49	43	5.16259
49	44	5.14468
49	46	5.11137
49	48	0.695854
49	50	5.25566
50	2	3.7229
50	10	4.22147
50	11	4.14948
50	13	3.90239
50	15	5.33574
50	16	3.83329
50	17	4.08903
50	21	4.48838
50	24	4.55357
50	27	4.63912
50	30	4.75647
50	31	3.60853
50	32	4.34279
50	35	4.43269
50	38	4.86146
50	39	4.56364
50	43	4.91841
50	44	4.9005
50	46	4.8672
50	49	5.25566